0.0|39.27, 495, 3|680,720,640,680,660,640|12160,12160,12160,12168,12152,12168|2040|12152
0.6|104.99, 615, 100|700,740,660,680,680,680|12160,12160,12160,12168,12152,12160|2060|12152
1.1|354.82, 2850, 100|2440,2600,2400,2500,2380,2360|12112,12104,12104,12112,12104,12112|7380|12088
1.6|583.32, 2850, 100|3740,4000,3680,3860,3680,3600|12072,12064,12064,12080,12064,12080|11380|12040
2.1|579.66, 2850, 100|4740,5080,4680,4900,4660,4540|12040,12040,12040,12048,12040,12048|14460|12008
2.7|578.26, 2850, 100|5500,5880,5420,5700,5380,5280|12024,12016,12016,12024,12016,12032|16800|11976
3.2|577.11, 2850, 100|6080,6520,6000,6300,5960,5840|12008,12000,12000,12008,12000,12008|18620|11960
3.7|577.41, 2850, 100|6540,7000,6460,6780,6400,6260|11992,11984,11992,12000,11984,12000|19980|11944
4.2|578.04, 2850, 100|6880,7380,6800,7140,6740,6600|11984,11976,11976,11984,11976,11992|21040|11928
4.7|576.95, 2850, 100|7160,7680,7080,7420,7000,6860|11976,11968,11968,11976,11968,11984|21860|11920
5.3|577.32, 2850, 100|7300,7840,7220,7560,7160,7000|11968,11968,11968,11976,11968,11976|22340|11912
5.8|562.98, 2857, 100|7380,7920,7280,7640,7220,7060|11968,11960,11968,11976,11968,11976|22560|11912
6.3|550.13, 2857, 100|7440,7980,7340,7700,7280,7120|11968,11960,11960,11968,11960,11976|22740|11912
6.8|545.53, 2857, 100|7440,7980,7340,7700,7280,7120|11968,11960,11960,11968,11960,11976|22740|11912
7.3|546.64, 2857, 100|7500,8040,7400,7760,7340,7180|11960,11960,11960,11968,11960,11976|22900|11904
7.9|546.84, 2857, 100|7540,8080,7440,7800,7360,7220|11960,11960,11960,11968,11960,11976|23020|11904
8.4|547.30, 2857, 100|7580,8100,7480,7820,7400,7240|11960,11960,11960,11968,11960,11968|23100|11904
8.9|547.64, 2857, 100|7600,8120,7500,7860,7440,7280|11960,11960,11960,11968,11960,11968|23180|11904
9.4|547.84, 2857, 100|7620,8140,7520,7880,7460,7300|11960,11960,11960,11968,11960,11968|23260|11904
9.9|542.36, 2857, 100|7620,8160,7520,7880,7460,7300|11960,11952,11960,11968,11960,11968|23280|11904
10.5|538.53, 2857, 100|7600,8140,7520,7860,7440,7280|11960,11952,11960,11968,11960,11968|23220|11904
11.0|539.12, 2857, 100|7580,8120,7500,7840,7420,7260|11960,11952,11960,11968,11960,11968|23180|11904
11.5|541.21, 2857, 100|7600,8140,7520,7880,7460,7280|11960,11952,11960,11968,11960,11968|23220|11904
12.0|546.68, 2857, 100|7620,8160,7540,7900,7480,7300|11960,11952,11960,11968,11960,11968|23300|11904
12.5|546.97, 2857, 100|7640,8200,7560,7900,7500,7320|11960,11952,11952,11968,11960,11968|23360|11904
13.1|547.43, 2857, 100|7660,8200,7560,7920,7500,7340|11960,11952,11952,11968,11952,11968|23420|11904
13.6|547.72, 2857, 100|7660,8220,7580,7940,7500,7340|11960,11952,11952,11968,11952,11968|23460|11904
14.1|545.57, 2857, 100|7680,8220,7580,7920,7500,7340|11960,11952,11952,11968,11952,11968|23480|11904
14.6|545.24, 2857, 100|7680,8220,7580,7920,7500,7340|11960,11952,11952,11968,11952,11968|23480|11896
15.1|546.42, 2857, 100|7680,8220,7580,7920,7500,7360|11960,11952,11952,11968,11952,11968|23480|11896
15.7|548.12, 2857, 100|7700,8240,7600,7960,7520,7360|11960,11952,11952,11968,11952,11968|23520|11896
16.2|550.57, 2857, 100|7720,8260,7620,7980,7540,7380|11960,11952,11952,11960,11952,11968|23580|11896
16.7|550.71, 2857, 100|7740,8280,7640,8000,7560,7400|11960,11952,11952,11960,11952,11968|23620|11896
17.2|550.72, 2857, 100|7740,8280,7640,8020,7580,7400|11952,11952,11952,11960,11952,11968|23660|11896
17.8|551.01, 2857, 100|7760,8300,7660,8020,7580,7420|11952,11952,11952,11960,11952,11968|23680|11896
18.3|551.06, 2857, 100|7760,8300,7680,8040,7600,7420|11952,11952,11952,11960,11952,11968|23700|11896
18.8|551.01, 2857, 100|7780,8320,7680,8040,7600,7440|11952,11952,11952,11960,11952,11968|23720|11896
19.3|551.28, 2857, 100|7780,8320,7680,8040,7600,7440|11952,11952,11952,11960,11952,11968|23740|11896
19.8|551.95, 2857, 100|7780,8340,7680,8060,7620,7440|11952,11952,11952,11960,11952,11968|23760|11896
20.3|552.23, 2857, 100|7800,8340,7700,8060,7620,7440|11952,11952,11952,11960,11952,11968|23760|11896
20.9|552.42, 2857, 100|7800,8340,7700,8060,7620,7460|11952,11952,11952,11960,11952,11968|23780|11896
21.4|552.71, 2857, 100|7800,8340,7700,8060,7620,7460|11952,11952,11952,11960,11952,11968|23820|11896
21.9|553.16, 2857, 100|7800,8340,7720,8080,7620,7460|11952,11952,11952,11960,11952,11968|23820|11896
22.4|553.41, 2857, 100|7800,8360,7720,8080,7640,7460|11952,11952,11952,11960,11952,11968|23840|11896
22.9|553.56, 2857, 100|7800,8360,7720,8080,7640,7460|11952,11952,11952,11960,11952,11968|23840|11896
23.5|553.89, 2857, 100|7820,8360,7720,8080,7640,7460|11952,11952,11952,11960,11952,11968|23860|11896
24.0|553.53, 2857, 100|7800,8360,7720,8080,7640,7480|11952,11952,11952,11960,11952,11968|23820|11896
24.5|553.61, 2857, 100|7820,8380,7720,8080,7640,7480|11952,11952,11952,11960,11952,11968|23820|11896
25.0|554.83, 2857, 100|7820,8380,7720,8080,7660,7480|11952,11952,11952,11960,11952,11968|23860|11896
25.5|555.30, 2850, 100|7820,8380,7740,8100,7660,7480|11952,11952,11952,11960,11952,11968|23880|11896
26.1|554.41, 2850, 100|7820,8400,7740,8100,7660,7480|11952,11952,11952,11960,11952,11968|23900|11896
26.6|553.62, 2850, 100|7820,8380,7740,8100,7660,7480|11952,11952,11952,11960,11952,11968|23900|11896
27.1|553.93, 2850, 100|7840,8400,7740,8100,7660,7480|11952,11952,11952,11960,11952,11968|23900|11896
27.6|554.25, 2850, 100|7840,8400,7740,8100,7660,7500|11952,11952,11952,11960,11952,11968|23920|11896
28.1|554.37, 2850, 100|7840,8400,7740,8100,7660,7500|11952,11952,11952,11960,11952,11968|23920|11896
28.7|554.85, 2850, 100|7840,8400,7740,8100,7680,7500|11952,11952,11952,11960,11952,11968|23940|11896
29.2|555.60, 2850, 100|7840,8400,7760,8120,7680,7500|11952,11952,11952,11960,11952,11968|23960|11896
29.7|555.90, 2850, 100|7840,8400,7760,8120,7680,7500|11952,11952,11952,11960,11952,11968|23960|11896
30.2|556.07, 2850, 100|7840,8400,7760,8120,7680,7500|11952,11952,11952,11960,11952,11960|23980|11896
30.8|556.20, 2850, 100|7840,8400,7760,8120,7680,7500|11952,11952,11952,11960,11952,11960|23980|11896
31.3|556.16, 2850, 100|7860,8420,7740,8120,7680,7500|11952,11952,11952,11960,11952,11960|23980|11896
31.8|556.30, 2850, 100|7860,8420,7760,8120,7680,7500|11952,11952,11952,11960,11952,11960|23980|11896
32.3|556.69, 2850, 100|7860,8420,7740,8120,7680,7500|11952,11952,11952,11960,11952,11960|23960|11896
32.8|557.30, 2850, 100|7860,8420,7760,8120,7700,7500|11952,11952,11952,11960,11952,11960|23980|11896
33.4|557.90, 2850, 100|7860,8420,7760,8120,7700,7500|11952,11952,11952,11960,11952,11960|23980|11896
33.9|558.29, 2850, 100|7860,8420,7760,8120,7700,7520|11952,11952,11952,11960,11952,11960|24000|11896
34.4|558.23, 2850, 100|7860,8420,7780,8120,7700,7520|11952,11952,11952,11960,11952,11960|24020|11896
34.9|558.60, 2850, 100|7880,8420,7780,8140,7700,7520|11952,11952,11952,11960,11952,11960|24020|11896
35.4|558.74, 2850, 100|7880,8440,7780,8140,7720,7520|11952,11952,11952,11960,11952,11960|24040|11896
36.0|559.00, 2850, 100|7880,8440,7780,8140,7720,7540|11952,11952,11952,11960,11952,11960|24060|11896
36.5|559.30, 2850, 100|7880,8440,7780,8140,7720,7540|11952,11952,11952,11960,11952,11960|24060|11896
37.0|559.37, 2850, 100|7880,8440,7800,8160,7720,7540|11952,11952,11952,11960,11952,11960|24080|11896
37.5|559.53, 2850, 100|7880,8440,7800,8160,7720,7540|11952,11952,11952,11960,11952,11960|24100|11896
38.0|560.02, 2850, 100|7900,8460,7800,8160,7720,7540|11952,11952,11952,11960,11952,11960|24100|11896
38.6|560.38, 2850, 100|7900,8460,7800,8160,7720,7540|11952,11952,11952,11960,11952,11960|24100|11896
39.1|560.82, 2850, 100|7900,8460,7800,8160,7720,7540|11952,11952,11952,11960,11952,11960|24120|11896
39.6|561.10, 2850, 100|7900,8460,7800,8160,7720,7540|11952,11952,11952,11960,11952,11960|24120|11896
40.1|561.27, 2850, 100|7900,8460,7800,8180,7740,7560|11952,11952,11952,11960,11952,11960|24120|11896
40.6|561.54, 2850, 100|7900,8460,7800,8180,7740,7560|11952,11952,11952,11960,11952,11960|24120|11896
41.2|561.84, 2850, 100|7900,8460,7820,8180,7740,7560|11952,11952,11952,11960,11952,11960|24140|11896
41.7|561.85, 2850, 100|7900,8460,7820,8180,7740,7560|11952,11952,11952,11960,11952,11960|24160|11896
42.2|562.07, 2850, 100|7900,8480,7820,8180,7740,7560|11952,11952,11952,11960,11952,11960|24160|11896
42.7|562.18, 2850, 100|7920,8460,7820,8180,7740,7560|11952,11952,11952,11960,11952,11960|24180|11896
43.2|562.46, 2850, 100|7920,8480,7820,8180,7740,7560|11952,11944,11952,11960,11952,11960|24180|11896
43.8|561.55, 2850, 100|7900,8460,7800,8180,7720,7560|11952,11952,11952,11960,11952,11960|24140|11896
